(kicad_pcb (version 20171130) (host pcbnew 5.0.2+dfsg1-1)

  (general
    (thickness 1.6)
    (drawings 26)
    (tracks 1049)
    (zones 0)
    (modules 104)
    (nets 86)
  )

  (page A4)
  (layers
    (0 F.Cu signal)
    (31 B.Cu signal)
    (32 B.Adhes user)
    (33 F.Adhes user)
    (34 B.Paste user)
    (35 F.Paste user)
    (36 B.SilkS user)
    (37 F.SilkS user)
    (38 B.Mask user)
    (39 F.Mask user)
    (40 Dwgs.User user)
    (41 Cmts.User user)
    (42 Eco1.User user)
    (43 Eco2.User user)
    (44 Edge.Cuts user)
    (45 Margin user)
    (46 B.CrtYd user)
    (47 F.CrtYd user)
    (48 B.Fab user)
    (49 F.Fab user hide)
  )

  (setup
    (last_trace_width 0.25)
    (user_trace_width 0.15)
    (trace_clearance 0.14)
    (zone_clearance 0.508)
    (zone_45_only no)
    (trace_min 0.14)
    (segment_width 0.2)
    (edge_width 0.15)
    (via_size 0.8)
    (via_drill 0.4)
    (via_min_size 0.4)
    (via_min_drill 0.3)
    (uvia_size 0.3)
    (uvia_drill 0.1)
    (uvias_allowed no)
    (uvia_min_size 0.2)
    (uvia_min_drill 0.1)
    (pcb_text_width 0.3)
    (pcb_text_size 1.5 1.5)
    (mod_edge_width 0.15)
    (mod_text_size 1 1)
    (mod_text_width 0.15)
    (pad_size 1.524 1.524)
    (pad_drill 0.762)
    (pad_to_mask_clearance 0.051)
    (solder_mask_min_width 0.2)
    (aux_axis_origin 0 0)
    (visible_elements FFFFFF7F)
    (pcbplotparams
      (layerselection 0x010fc_ffffffff)
      (usegerberextensions true)
      (usegerberattributes false)
      (usegerberadvancedattributes false)
      (creategerberjobfile false)
      (excludeedgelayer true)
      (linewidth 0.100000)
      (plotframeref false)
      (viasonmask false)
      (mode 1)
      (useauxorigin false)
      (hpglpennumber 1)
      (hpglpenspeed 20)
      (hpglpendiameter 15.000000)
      (psnegative false)
      (psa4output false)
      (plotreference true)
      (plotvalue true)
      (plotinvisibletext false)
      (padsonsilk false)
      (subtractmaskfromsilk false)
      (outputformat 1)
      (mirror false)
      (drillshape 0)
      (scaleselection 1)
      (outputdirectory "GERBER/"))
  )

  (net 0 "")
  (net 1 IO-INT)
  (net 2 "Net-(A1-Pad17)")
  (net 3 DEMP_5)
  (net 4 GPO1_5)
  (net 5 "Net-(A1-Pad10)")
  (net 6 5v)
  (net 7 "Net-(C1-Pad2)")
  (net 8 SPDIF-IN1)
  (net 9 "Net-(C2-Pad2)")
  (net 10 SPDIF-IN0)
  (net 11 "Net-(C3-Pad2)")
  (net 12 "Net-(C4-Pad2)")
  (net 13 3v3)
  (net 14 "Net-(C8-Pad1)")
  (net 15 AVDD)
  (net 16 AGND)
  (net 17 "Net-(C11-Pad1)")
  (net 18 12v)
  (net 19 "Net-(C16-Pad2)")
  (net 20 "Net-(C16-Pad1)")
  (net 21 "Net-(C17-Pad2)")
  (net 22 MUTE)
  (net 23 "Net-(C20-Pad1)")
  (net 24 "Net-(C21-Pad2)")
  (net 25 "Net-(C23-Pad1)")
  (net 26 "Net-(D1-Pad1)")
  (net 27 "Net-(D2-Pad2)")
  (net 28 "Net-(J1-Pad2)")
  (net 29 SCL_5)
  (net 30 SDA_5)
  (net 31 "Net-(J3-Pad2)")
  (net 32 SPDIF-OUT)
  (net 33 "Net-(J5-Pad2)")
  (net 34 "Net-(J6-Pad2)")
  (net 35 "Net-(J11-Pad2)")
  (net 36 "Net-(J12-Pad2)")
  (net 37 "Net-(J13-Pad2)")
  (net 38 "Net-(J14-Pad2)")
  (net 39 "Net-(J15-Pad1)")
  (net 40 "Net-(J15-Pad3)")
  (net 41 "Net-(J15-Pad4)")
  (net 42 "Net-(J15-Pad5)")
  (net 43 "Net-(J15-Pad6)")
  (net 44 "Net-(J15-Pad7)")
  (net 45 "Net-(J15-Pad8)")
  (net 46 "Net-(J15-Pad9)")
  (net 47 "Net-(J15-Pad10)")
  (net 48 "Net-(J15-Pad11)")
  (net 49 "Net-(J15-Pad12)")
  (net 50 "Net-(J15-Pad13)")
  (net 51 "Net-(J15-Pad14)")
  (net 52 "Net-(J15-Pad15)")
  (net 53 "Net-(J15-Pad16)")
  (net 54 "Net-(J15-Pad17)")
  (net 55 "Net-(J15-Pad18)")
  (net 56 "Net-(J15-Pad23)")
  (net 57 "Net-(J15-Pad25)")
  (net 58 "Net-(J15-Pad33)")
  (net 59 "Net-(J15-Pad35)")
  (net 60 "Net-(J15-Pad36)")
  (net 61 "Net-(J15-Pad37)")
  (net 62 "Net-(J15-Pad38)")
  (net 63 SCL_3)
  (net 64 SDA_3)
  (net 65 GPO1_3)
  (net 66 DEMP_3)
  (net 67 "Net-(R2-Pad2)")
  (net 68 "Net-(R5-Pad1)")
  (net 69 "Net-(R6-Pad1)")
  (net 70 "Net-(R7-Pad1)")
  (net 71 "Net-(R8-Pad1)")
  (net 72 "Net-(R17-Pad2)")
  (net 73 "Net-(R18-Pad1)")
  (net 74 "Net-(R18-Pad2)")
  (net 75 "Net-(R19-Pad2)")
  (net 76 "Net-(R19-Pad1)")
  (net 77 "Net-(R20-Pad1)")
  (net 78 "Net-(R20-Pad2)")
  (net 79 "Net-(R21-Pad2)")
  (net 80 "Net-(R21-Pad1)")
  (net 81 "Net-(R22-Pad1)")
  (net 82 "Net-(R24-Pad2)")
  (net 83 "Net-(R26-Pad2)")
  (net 84 "Net-(R27-Pad2)")
  (net 85 "Net-(R28-Pad1)")

  (net_class Default "This is the default net class."
    (clearance 0.14)
    (trace_width 0.25)
    (via_dia 0.8)
    (via_drill 0.4)
    (uvia_dia 0.3)
    (uvia_drill 0.1)
    (add_net 12v)
    (add_net 3v3)
    (add_net 5v)
    (add_net AGND)
    (add_net AVDD)
    (add_net DEMP_3)
    (add_net DEMP_5)
    (add_net GPO1_3)
    (add_net GPO1_5)
    (add_net IO-INT)
    (add_net MUTE)
    (add_net "Net-(A1-Pad10)")
    (add_net "Net-(A1-Pad17)")
    (add_net "Net-(C1-Pad2)")
    (add_net "Net-(C11-Pad1)")
    (add_net "Net-(C16-Pad1)")
    (add_net "Net-(C16-Pad2)")
    (add_net "Net-(C17-Pad2)")
    (add_net "Net-(C2-Pad2)")
    (add_net "Net-(C20-Pad1)")
    (add_net "Net-(C21-Pad2)")
    (add_net "Net-(C23-Pad1)")
    (add_net "Net-(C3-Pad2)")
    (add_net "Net-(C4-Pad2)")
    (add_net "Net-(C8-Pad1)")
    (add_net "Net-(D1-Pad1)")
    (add_net "Net-(D2-Pad2)")
    (add_net "Net-(J1-Pad2)")
    (add_net "Net-(J11-Pad2)")
    (add_net "Net-(J12-Pad2)")
    (add_net "Net-(J13-Pad2)")
    (add_net "Net-(J14-Pad2)")
    (add_net "Net-(J15-Pad1)")
    (add_net "Net-(J15-Pad10)")
    (add_net "Net-(J15-Pad11)")
    (add_net "Net-(J15-Pad12)")
    (add_net "Net-(J15-Pad13)")
    (add_net "Net-(J15-Pad14)")
    (add_net "Net-(J15-Pad15)")
    (add_net "Net-(J15-Pad16)")
    (add_net "Net-(J15-Pad17)")
    (add_net "Net-(J15-Pad18)")
    (add_net "Net-(J15-Pad23)")
    (add_net "Net-(J15-Pad25)")
    (add_net "Net-(J15-Pad3)")
    (add_net "Net-(J15-Pad33)")
    (add_net "Net-(J15-Pad35)")
    (add_net "Net-(J15-Pad36)")
    (add_net "Net-(J15-Pad37)")
    (add_net "Net-(J15-Pad38)")
    (add_net "Net-(J15-Pad4)")
    (add_net "Net-(J15-Pad5)")
    (add_net "Net-(J15-Pad6)")
    (add_net "Net-(J15-Pad7)")
    (add_net "Net-(J15-Pad8)")
    (add_net "Net-(J15-Pad9)")
    (add_net "Net-(J3-Pad2)")
    (add_net "Net-(J5-Pad2)")
    (add_net "Net-(J6-Pad2)")
    (add_net "Net-(R17-Pad2)")
    (add_net "Net-(R18-Pad1)")
    (add_net "Net-(R18-Pad2)")
    (add_net "Net-(R19-Pad1)")
    (add_net "Net-(R19-Pad2)")
    (add_net "Net-(R2-Pad2)")
    (add_net "Net-(R20-Pad1)")
    (add_net "Net-(R20-Pad2)")
    (add_net "Net-(R21-Pad1)")
    (add_net "Net-(R21-Pad2)")
    (add_net "Net-(R22-Pad1)")
    (add_net "Net-(R24-Pad2)")
    (add_net "Net-(R26-Pad2)")
    (add_net "Net-(R27-Pad2)")
    (add_net "Net-(R28-Pad1)")
    (add_net "Net-(R5-Pad1)")
    (add_net "Net-(R6-Pad1)")
    (add_net "Net-(R7-Pad1)")
    (add_net "Net-(R8-Pad1)")
    (add_net SCL_3)
    (add_net SCL_5)
    (add_net SDA_3)
    (add_net SDA_5)
    (add_net SPDIF-IN0)
    (add_net SPDIF-IN1)
    (add_net SPDIF-OUT)
  )

  (module MountingHole:MountingHole_3.2mm_M3 (layer F.Cu) (tedit 5F77B62D) (tstamp 5FBC6A70)
    (at 135.5 15.3)
    (descr "Mounting Hole 3.2mm, no annular, M3")
    (tags "mounting hole 3.2mm no annular m3")
    (attr virtual)
    (fp_text reference REF** (at 0 -4.2) (layer F.SilkS) hide
      (effects (font (size 1 1) (thickness 0.15)))
    )
    (fp_text value MountingHole_3.2mm_M3 (at 0 4.2) (layer F.Fab)
      (effects (font (size 1 1) (thickness 0.15)))
    )
    (fp_text user %R (at 0.3 0) (layer F.Fab)
      (effects (font (size 1 1) (thickness 0.15)))
    )
    (fp_circle (center 0 0) (end 3.2 0) (layer Cmts.User) (width 0.15))
    (fp_circle (center 0 0) (end 3.45 0) (layer F.CrtYd) (width 0.05))
    (pad 1 np_thru_hole circle (at 0 0) (size 3.2 3.2) (drill 3.2) (layers *.Cu *.Mask))
  )

  (module MountingHole:MountingHole_3.2mm_M3 (layer F.Cu) (tedit 5F77B63E) (tstamp 5FBC64D7)
    (at 135.6 108)
    (descr "Mounting Hole 3.2mm, no annular, M3")
    (tags "mounting hole 3.2mm no annular m3")
    (attr virtual)
    (fp_text reference REF** (at 0 -4.2) (layer F.SilkS) hide
      (effects (font (size 1 1) (thickness 0.15)))
    )
    (fp_text value MountingHole_3.2mm_M3 (at 0 4.2) (layer F.Fab)
      (effects (font (size 1 1) (thickness 0.15)))
    )
    (fp_circle (center 0 0) (end 3.45 0) (layer F.CrtYd) (width 0.05))
    (fp_circle (center 0 0) (end 3.2 0) (layer Cmts.User) (width 0.15))
    (fp_text user %R (at 0.3 0) (layer F.Fab)
      (effects (font (size 1 1) (thickness 0.15)))
    )
    (pad 1 np_thru_hole circle (at 0 0) (size 3.2 3.2) (drill 3.2) (layers *.Cu *.Mask))
  )

  (module MountingHole:MountingHole_3.2mm_M3 (layer F.Cu) (tedit 5F77B634) (tstamp 5FBC3DBC)
    (at 228.2 108)
    (descr "Mounting Hole 3.2mm, no annular, M3")
    (tags "mounting hole 3.2mm no annular m3")
    (attr virtual)
    (fp_text reference REF** (at 0 -4.2) (layer F.SilkS) hide
      (effects (font (size 1 1) (thickness 0.15)))
    )
    (fp_text value MountingHole_3.2mm_M3 (at 0 4.2) (layer F.Fab)
      (effects (font (size 1 1) (thickness 0.15)))
    )
    (fp_text user %R (at 0.3 0) (layer F.Fab)
      (effects (font (size 1 1) (thickness 0.15)))
    )
    (fp_circle (center 0 0) (end 3.2 0) (layer Cmts.User) (width 0.15))
    (fp_circle (center 0 0) (end 3.45 0) (layer F.CrtYd) (width 0.05))
    (pad 1 np_thru_hole circle (at 0 0) (size 3.2 3.2) (drill 3.2) (layers *.Cu *.Mask))
  )

  (module Package_SO:TSSOP-24_4.4x7.8mm_P0.65mm (layer F.Cu) (tedit 5A02F25C) (tstamp 5FA72568)
    (at 151 82 90)
    (descr "TSSOP24: plastic thin shrink small outline package; 24 leads; body width 4.4 mm; (see NXP SSOP-TSSOP-VSO-REFLOW.pdf and sot355-1_po.pdf)")
    (tags "SSOP 0.65")
    (path /5F6FA244)
    (attr smd)
    (fp_text reference U1 (at 0.8978 6.2006 90) (layer F.SilkS)
      (effects (font (size 1 1) (thickness 0.15)))
    )
    (fp_text value PCA9555PW (at 0 4.95 90) (layer F.Fab)
      (effects (font (size 1 1) (thickness 0.15)))
    )
    (fp_text user %R (at 0 0 90) (layer F.Fab)
      (effects (font (size 0.8 0.8) (thickness 0.15)))
    )
    (fp_line (start -2.325 4.025) (end 2.325 4.025) (layer F.SilkS) (width 0.15))
    (fp_line (start -3.4 -4.075) (end 2.325 -4.075) (layer F.SilkS) (width 0.15))
    (fp_line (start -2.325 4.025) (end -2.325 4) (layer F.SilkS) (width 0.15))
    (fp_line (start 2.325 4.025) (end 2.325 4) (layer F.SilkS) (width 0.15))
    (fp_line (start 2.325 -4.025) (end 2.325 -4) (layer F.SilkS) (width 0.15))
    (fp_line (start -3.65 4.2) (end 3.65 4.2) (layer F.CrtYd) (width 0.05))
    (fp_line (start -3.65 -4.2) (end 3.65 -4.2) (layer F.CrtYd) (width 0.05))
    (fp_line (start 3.65 -4.2) (end 3.65 4.2) (layer F.CrtYd) (width 0.05))
    (fp_line (start -3.65 -4.2) (end -3.65 4.2) (layer F.CrtYd) (width 0.05))
    (fp_line (start -2.2 -2.9) (end -1.2 -3.9) (layer F.Fab) (width 0.15))
    (fp_line (start -2.2 3.9) (end -2.2 -2.9) (layer F.Fab) (width 0.15))
    (fp_line (start 2.2 3.9) (end -2.2 3.9) (layer F.Fab) (width 0.15))
    (fp_line (start 2.2 -3.9) (end 2.2 3.9) (layer F.Fab) (width 0.15))
    (fp_line (start -1.2 -3.9) (end 2.2 -3.9) (layer F.Fab) (width 0.15))
    (pad 24 smd rect (at 2.85 -3.575 90) (size 1.1 0.4) (layers F.Cu F.Paste F.Mask)
      (net 6 5v))
    (pad 23 smd rect (at 2.85 -2.925 90) (size 1.1 0.4) (layers F.Cu F.Paste F.Mask)
      (net 30 SDA_5))
    (pad 22 smd rect (at 2.85 -2.275 90) (size 1.1 0.4) (layers F.Cu F.Paste F.Mask)
      (net 29 SCL_5))
    (pad 21 smd rect (at 2.85 -1.625 90) (size 1.1 0.4) (layers F.Cu F.Paste F.Mask)
      (net 16 AGND))
    (pad 20 smd rect (at 2.85 -0.975 90) (size 1.1 0.4) (layers F.Cu F.Paste F.Mask)
      (net 57 "Net-(J15-Pad25)"))
    (pad 19 smd rect (at 2.85 -0.325 90) (size 1.1 0.4) (layers F.Cu F.Paste F.Mask)
      (net 56 "Net-(J15-Pad23)"))
    (pad 18 smd rect (at 2.85 0.325 90) (size 1.1 0.4) (layers F.Cu F.Paste F.Mask)
      (net 39 "Net-(J15-Pad1)"))
    (pad 17 smd rect (at 2.85 0.975 90) (size 1.1 0.4) (layers F.Cu F.Paste F.Mask)
      (net 62 "Net-(J15-Pad38)"))
    (pad 16 smd rect (at 2.85 1.625 90) (size 1.1 0.4) (layers F.Cu F.Paste F.Mask)
      (net 61 "Net-(J15-Pad37)"))
    (pad 15 smd rect (at 2.85 2.275 90) (size 1.1 0.4) (layers F.Cu F.Paste F.Mask)
      (net 60 "Net-(J15-Pad36)"))
    (pad 14 smd rect (at 2.85 2.925 90) (size 1.1 0.4) (layers F.Cu F.Paste F.Mask)
      (net 58 "Net-(J15-Pad33)"))
    (pad 13 smd rect (at 2.85 3.575 90) (size 1.1 0.4) (layers F.Cu F.Paste F.Mask)
      (net 59 "Net-(J15-Pad35)"))
    (pad 12 smd rect (at -2.85 3.575 90) (size 1.1 0.4) (layers F.Cu F.Paste F.Mask)
      (net 16 AGND))
    (pad 11 smd rect (at -2.85 2.925 90) (size 1.1 0.4) (layers F.Cu F.Paste F.Mask)
      (net 38 "Net-(J14-Pad2)"))
    (pad 10 smd rect (at -2.85 2.275 90) (size 1.1 0.4) (layers F.Cu F.Paste F.Mask)
      (net 37 "Net-(J13-Pad2)"))
    (pad 9 smd rect (at -2.85 1.625 90) (size 1.1 0.4) (layers F.Cu F.Paste F.Mask)
      (net 36 "Net-(J12-Pad2)"))
    (pad 8 smd rect (at -2.85 0.975 90) (size 1.1 0.4) (layers F.Cu F.Paste F.Mask)
      (net 35 "Net-(J11-Pad2)"))
    (pad 7 smd rect (at -2.85 0.325 90) (size 1.1 0.4) (layers F.Cu F.Paste F.Mask)
      (net 34 "Net-(J6-Pad2)"))
    (pad 6 smd rect (at -2.85 -0.325 90) (size 1.1 0.4) (layers F.Cu F.Paste F.Mask)
      (net 33 "Net-(J5-Pad2)"))
    (pad 5 smd rect (at -2.85 -0.975 90) (size 1.1 0.4) (layers F.Cu F.Paste F.Mask)
      (net 31 "Net-(J3-Pad2)"))
    (pad 4 smd rect (at -2.85 -1.625 90) (size 1.1 0.4) (layers F.Cu F.Paste F.Mask)
      (net 28 "Net-(J1-Pad2)"))
    (pad 3 smd rect (at -2.85 -2.275 90) (size 1.1 0.4) (layers F.Cu F.Paste F.Mask)
      (net 16 AGND))
    (pad 2 smd rect (at -2.85 -2.925 90) (size 1.1 0.4) (layers F.Cu F.Paste F.Mask)
      (net 16 AGND))
    (pad 1 smd rect (at -2.85 -3.575 90) (size 1.1 0.4) (layers F.Cu F.Paste F.Mask)
      (net 1 IO-INT))
    (model ${KISYS3DMOD}/Package_SO.3dshapes/TSSOP-24_4.4x7.8mm_P0.65mm.wrl
      (at (xyz 0 0 0))
      (scale (xyz 1 1 1))
      (rotate (xyz 0 0 0))
    )
  )

  (module protolib:Arduino_ProMini (layer F.Cu) (tedit 5F358EE6) (tstamp 5FA71E83)
    (at 182.7022 64.7954 90)
    (path /5F709140)
    (fp_text reference A1 (at 7.62 -5.08 90) (layer F.SilkS)
      (effects (font (size 1 1) (thickness 0.15)))
    )
    (fp_text value Arduino_ProMini (at 8.89 19.05 180) (layer F.Fab)
      (effects (font (size 1 1) (thickness 0.15)))
    )
    (fp_text user %R (at 6.35 19.05 180) (layer F.Fab)
      (effects (font (size 1 1) (thickness 0.15)))
    )
    (fp_line (start 16.383 -2.54) (end 16.383 30.48) (layer F.SilkS) (width 0.15))
    (fp_line (start -1.27 30.48) (end -1.27 -2.54) (layer F.SilkS) (width 0.15))
    (fp_line (start -1.27 30.48) (end 16.383 30.48) (layer F.SilkS) (width 0.15))
    (fp_line (start -1.27 -2.54) (end 16.383 -2.54) (layer F.SilkS) (width 0.15))
    (pad 1 thru_hole rect (at 0 0 90) (size 1.6 1.6) (drill 0.8) (layers *.Cu *.Mask))
    (pad 2 thru_hole oval (at 0 2.54 90) (size 1.6 1.6) (drill 0.8) (layers *.Cu *.Mask))
    (pad 3 thru_hole oval (at 0 5.08 90) (size 1.6 1.6) (drill 0.8) (layers *.Cu *.Mask))
    (pad 13 thru_hole oval (at 15.24 27.94 90) (size 1.6 1.6) (drill 0.8) (layers *.Cu *.Mask))
    (pad 4 thru_hole oval (at 0 7.62 90) (size 1.6 1.6) (drill 0.8) (layers *.Cu *.Mask)
      (net 16 AGND))
    (pad 14 thru_hole oval (at 15.24 25.4 90) (size 1.6 1.6) (drill 0.8) (layers *.Cu *.Mask))
    (pad 5 thru_hole oval (at 0 10.16 90) (size 1.6 1.6) (drill 0.8) (layers *.Cu *.Mask)
      (net 1 IO-INT))
    (pad 15 thru_hole oval (at 15.24 22.86 90) (size 1.6 1.6) (drill 0.8) (layers *.Cu *.Mask))
    (pad 6 thru_hole oval (at 0 12.7 90) (size 1.6 1.6) (drill 0.8) (layers *.Cu *.Mask))
    (pad 16 thru_hole oval (at 15.24 20.32 90) (size 1.6 1.6) (drill 0.8) (layers *.Cu *.Mask))
    (pad 7 thru_hole oval (at 0 15.24 90) (size 1.6 1.6) (drill 0.8) (layers *.Cu *.Mask))
    (pad 17 thru_hole oval (at 15.24 17.78 90) (size 1.6 1.6) (drill 0.8) (layers *.Cu *.Mask)
      (net 2 "Net-(A1-Pad17)"))
    (pad 8 thru_hole oval (at 0 17.78 90) (size 1.6 1.6) (drill 0.8) (layers *.Cu *.Mask)
      (net 3 DEMP_5))
    (pad 18 thru_hole oval (at 15.24 15.24 90) (size 1.6 1.6) (drill 0.8) (layers *.Cu *.Mask))
    (pad 9 thru_hole oval (at 0 20.32 90) (size 1.6 1.6) (drill 0.8) (layers *.Cu *.Mask)
      (net 4 GPO1_5))
    (pad 19 thru_hole oval (at 15.24 12.7 90) (size 1.6 1.6) (drill 0.8) (layers *.Cu *.Mask))
    (pad 10 thru_hole oval (at 0 22.86 90) (size 1.6 1.6) (drill 0.8) (layers *.Cu *.Mask)
      (net 5 "Net-(A1-Pad10)"))
    (pad 20 thru_hole oval (at 15.24 10.16 90) (size 1.6 1.6) (drill 0.8) (layers *.Cu *.Mask))
    (pad 11 thru_hole oval (at 0 25.4 90) (size 1.6 1.6) (drill 0.8) (layers *.Cu *.Mask))
    (pad 21 thru_hole oval (at 15.24 7.62 90) (size 1.6 1.6) (drill 0.8) (layers *.Cu *.Mask)
      (net 6 5v))
    (pad 12 thru_hole oval (at 0 27.94 90) (size 1.6 1.6) (drill 0.8) (layers *.Cu *.Mask))
    (pad 22 thru_hole oval (at 15.24 5.08 90) (size 1.6 1.6) (drill 0.8) (layers *.Cu *.Mask))
    (pad 23 thru_hole oval (at 15.24 2.54 90) (size 1.6 1.6) (drill 0.8) (layers *.Cu *.Mask)
      (net 16 AGND))
    (pad 24 thru_hole oval (at 15.24 0 90) (size 1.6 1.6) (drill 0.8) (layers *.Cu *.Mask))
  )

  (module Capacitor_SMD:C_0805_2012Metric_Pad1.15x1.40mm_HandSolder (layer F.Cu) (tedit 5B36C52B) (tstamp 5FA71E94)
    (at 222.1014 45.2374 180)
    (descr "Capacitor SMD 0805 (2012 Metric), square (rectangular) end terminal, IPC_7351 nominal with elongated pad for handsoldering. (Body size source: https://docs.google.com/spreadsheets/d/1BsfQQcO9C6DZCsRaXUlFlo91Tg2WpOkGARC1WS5S8t0/edit?usp=sharing), generated with kicad-footprint-generator")
    (tags "capacitor handsolder")
    (path /60625C51)
    (attr smd)
    (fp_text reference C1 (at 0 -1.65 180) (layer F.SilkS)
      (effects (font (size 1 1) (thickness 0.15)))
    )
    (fp_text value 0.1uF (at 0 1.65 180) (layer F.Fab)
      (effects (font (size 1 1) (thickness 0.15)))
    )
    (fp_text user %R (at 0 0 180) (layer F.Fab)
      (effects (font (size 0.5 0.5) (thickness 0.08)))
    )
    (fp_line (start 1.85 0.95) (end -1.85 0.95) (layer F.CrtYd) (width 0.05))
    (fp_line (start 1.85 -0.95) (end 1.85 0.95) (layer F.CrtYd) (width 0.05))
    (fp_line (start -1.85 -0.95) (end 1.85 -0.95) (layer F.CrtYd) (width 0.05))
    (fp_line (start -1.85 0.95) (end -1.85 -0.95) (layer F.CrtYd) (width 0.05))
    (fp_line (start -0.261252 0.71) (end 0.261252 0.71) (layer F.SilkS) (width 0.12))
    (fp_line (start -0.261252 -0.71) (end 0.261252 -0.71) (layer F.SilkS) (width 0.12))
    (fp_line (start 1 0.6) (end -1 0.6) (layer F.Fab) (width 0.1))
    (fp_line (start 1 -0.6) (end 1 0.6) (layer F.Fab) (width 0.1))
    (fp_line (start -1 -0.6) (end 1 -0.6) (layer F.Fab) (width 0.1))
    (fp_line (start -1 0.6) (end -1 -0.6) (layer F.Fab) (width 0.1))
    (pad 2 smd roundrect (at 1.025 0 180) (size 1.15 1.4) (layers F.Cu F.Paste F.Mask) (roundrect_rratio 0.217391)
      (net 7 "Net-(C1-Pad2)"))
    (pad 1 smd roundrect (at -1.025 0 180) (size 1.15 1.4) (layers F.Cu F.Paste F.Mask) (roundrect_rratio 0.217391)
      (net 8 SPDIF-IN1))
    (model ${KISYS3DMOD}/Capacitor_SMD.3dshapes/C_0805_2012Metric.wrl
      (at (xyz 0 0 0))
      (scale (xyz 1 1 1))
      (rotate (xyz 0 0 0))
    )
  )

  (module Capacitor_SMD:C_0805_2012Metric_Pad1.15x1.40mm_HandSolder (layer F.Cu) (tedit 5B36C52B) (tstamp 5FA71EA5)
    (at 221.813 52.6034 180)
    (descr "Capacitor SMD 0805 (2012 Metric), square (rectangular) end terminal, IPC_7351 nominal with elongated pad for handsoldering. (Body size source: https://docs.google.com/spreadsheets/d/1BsfQQcO9C6DZCsRaXUlFlo91Tg2WpOkGARC1WS5S8t0/edit?usp=sharing), generated with kicad-footprint-generator")
    (tags "capacitor handsolder")
    (path /60624DAB)
    (attr smd)
    (fp_text reference C2 (at 0 -1.65 180) (layer F.SilkS)
      (effects (font (size 1 1) (thickness 0.15)))
    )
    (fp_text value 0.1uF (at 0 1.65 180) (layer F.Fab)
      (effects (font (size 1 1) (thickness 0.15)))
    )
    (fp_text user %R (at 0 0 180) (layer F.Fab)
      (effects (font (size 0.5 0.5) (thickness 0.08)))
    )
    (fp_line (start 1.85 0.95) (end -1.85 0.95) (layer F.CrtYd) (width 0.05))
    (fp_line (start 1.85 -0.95) (end 1.85 0.95) (layer F.CrtYd) (width 0.05))
    (fp_line (start -1.85 -0.95) (end 1.85 -0.95) (layer F.CrtYd) (width 0.05))
    (fp_line (start -1.85 0.95) (end -1.85 -0.95) (layer F.CrtYd) (width 0.05))
    (fp_line (start -0.261252 0.71) (end 0.261252 0.71) (layer F.SilkS) (width 0.12))
    (fp_line (start -0.261252 -0.71) (end 0.261252 -0.71) (layer F.SilkS) (width 0.12))
    (fp_line (start 1 0.6) (end -1 0.6) (layer F.Fab) (width 0.1))
    (fp_line (start 1 -0.6) (end 1 0.6) (layer F.Fab) (width 0.1))
    (fp_line (start -1 -0.6) (end 1 -0.6) (layer F.Fab) (width 0.1))
    (fp_line (start -1 0.6) (end -1 -0.6) (layer F.Fab) (width 0.1))
    (pad 2 smd roundrect (at 1.025 0 180) (size 1.15 1.4) (layers F.Cu F.Paste F.Mask) (roundrect_rratio 0.217391)
      (net 9 "Net-(C2-Pad2)"))
    (pad 1 smd roundrect (at -1.025 0 180) (size 1.15 1.4) (layers F.Cu F.Paste F.Mask) (roundrect_rratio 0.217391)
      (net 10 SPDIF-IN0))
    (model ${KISYS3DMOD}/Capacitor_SMD.3dshapes/C_0805_2012Metric.wrl
      (at (xyz 0 0 0))
      (scale (xyz 1 1 1))
      (rotate (xyz 0 0 0))
    )
  )

  (module Capacitor_SMD:C_0805_2012Metric_Pad1.15x1.40mm_HandSolder (layer F.Cu) (tedit 5B36C52B) (tstamp 5FA71EB6)
    (at 206.4512 29.0068)
    (descr "Capacitor SMD 0805 (2012 Metric), square (rectangular) end terminal, IPC_7351 nominal with elongated pad for handsoldering. (Body size source: https://docs.google.com/spreadsheets/d/1BsfQQcO9C6DZCsRaXUlFlo91Tg2WpOkGARC1WS5S8t0/edit?usp=sharing), generated with kicad-footprint-generator")
    (tags "capacitor handsolder")
    (path /60302DBF)
    (attr smd)
    (fp_text reference C3 (at 3.3528 0.0508) (layer F.SilkS)
      (effects (font (size 1 1) (thickness 0.15)))
    )
    (fp_text value 15pF (at 0 1.65) (layer F.Fab)
      (effects (font (size 1 1) (thickness 0.15)))
    )
    (fp_line (start -1 0.6) (end -1 -0.6) (layer F.Fab) (width 0.1))
    (fp_line (start -1 -0.6) (end 1 -0.6) (layer F.Fab) (width 0.1))
    (fp_line (start 1 -0.6) (end 1 0.6) (layer F.Fab) (width 0.1))
    (fp_line (start 1 0.6) (end -1 0.6) (layer F.Fab) (width 0.1))
    (fp_line (start -0.261252 -0.71) (end 0.261252 -0.71) (layer F.SilkS) (width 0.12))
    (fp_line (start -0.261252 0.71) (end 0.261252 0.71) (layer F.SilkS) (width 0.12))
    (fp_line (start -1.85 0.95) (end -1.85 -0.95) (layer F.CrtYd) (width 0.05))
    (fp_line (start -1.85 -0.95) (end 1.85 -0.95) (layer F.CrtYd) (width 0.05))
    (fp_line (start 1.85 -0.95) (end 1.85 0.95) (layer F.CrtYd) (width 0.05))
    (fp_line (start 1.85 0.95) (end -1.85 0.95) (layer F.CrtYd) (width 0.05))
    (fp_text user %R (at 0 0) (layer F.Fab)
      (effects (font (size 0.5 0.5) (thickness 0.08)))
    )
    (pad 1 smd roundrect (at -1.025 0) (size 1.15 1.4) (layers F.Cu F.Paste F.Mask) (roundrect_rratio 0.217391)
      (net 16 AGND))
    (pad 2 smd roundrect (at 1.025 0) (size 1.15 1.4) (layers F.Cu F.Paste F.Mask) (roundrect_rratio 0.217391)
      (net 11 "Net-(C3-Pad2)"))
    (model ${KISYS3DMOD}/Capacitor_SMD.3dshapes/C_0805_2012Metric.wrl
      (at (xyz 0 0 0))
      (scale (xyz 1 1 1))
      (rotate (xyz 0 0 0))
    )
  )

  (module Capacitor_SMD:C_0805_2012Metric_Pad1.15x1.40mm_HandSolder (layer F.Cu) (tedit 5F775030) (tstamp 5FA71EC7)
    (at 200.7526 29.0068 180)
    (descr "Capacitor SMD 0805 (2012 Metric), square (rectangular) end terminal, IPC_7351 nominal with elongated pad for handsoldering. (Body size source: https://docs.google.com/spreadsheets/d/1BsfQQcO9C6DZCsRaXUlFlo91Tg2WpOkGARC1WS5S8t0/edit?usp=sharing), generated with kicad-footprint-generator")
    (tags "capacitor handsolder")
    (path /60302EC9)
    (attr smd)
    (fp_text reference C4 (at 2.8358 -0.0508 180) (layer F.SilkS)
      (effects (font (size 1 1) (thickness 0.15)))
    )
    (fp_text value 15pF (at 0 1.65 180) (layer F.Fab)
      (effects (font (size 1 1) (thickness 0.15)))
    )
    (fp_text user %R (at 0 0 180) (layer F.Fab)
      (effects (font (size 0.5 0.5) (thickness 0.08)))
    )
    (fp_line (start 1.85 0.95) (end -1.85 0.95) (layer F.CrtYd) (width 0.05))
    (fp_line (start 1.85 -0.95) (end 1.85 0.95) (layer F.CrtYd) (width 0.05))
    (fp_line (start -1.85 -0.95) (end 1.85 -0.95) (layer F.CrtYd) (width 0.05))
    (fp_line (start -1.85 0.95) (end -1.85 -0.95) (layer F.CrtYd) (width 0.05))
    (fp_line (start -0.261252 0.71) (end 0.261252 0.71) (layer F.SilkS) (width 0.12))
    (fp_line (start -0.261252 -0.71) (end 0.261252 -0.71) (layer F.SilkS) (width 0.12))
    (fp_line (start 1 0.6) (end -1 0.6) (layer F.Fab) (width 0.1))
    (fp_line (start 1 -0.6) (end 1 0.6) (layer F.Fab) (width 0.1))
    (fp_line (start -1 -0.6) (end 1 -0.6) (layer F.Fab) (width 0.1))
    (fp_line (start -1 0.6) (end -1 -0.6) (layer F.Fab) (width 0.1))
    (pad 2 smd roundrect (at 1.025 0 180) (size 1.15 1.4) (layers F.Cu F.Paste F.Mask) (roundrect_rratio 0.217391)
      (net 12 "Net-(C4-Pad2)"))
    (pad 1 smd roundrect (at -1.025 0 180) (size 1.15 1.4) (layers F.Cu F.Paste F.Mask) (roundrect_rratio 0.217391)
      (net 16 AGND))
    (model ${KISYS3DMOD}/Capacitor_SMD.3dshapes/C_0805_2012Metric.wrl
      (at (xyz 0 0 0))
      (scale (xyz 1 1 1))
      (rotate (xyz 0 0 0))
    )
  )

  (module Capacitor_SMD:C_0805_2012Metric_Pad1.15x1.40mm_HandSolder (layer F.Cu) (tedit 5B36C52B) (tstamp 5FA71ED8)
    (at 209.9056 18.3986 90)
    (descr "Capacitor SMD 0805 (2012 Metric), square (rectangular) end terminal, IPC_7351 nominal with elongated pad for handsoldering. (Body size source: https://docs.google.com/spreadsheets/d/1BsfQQcO9C6DZCsRaXUlFlo91Tg2WpOkGARC1WS5S8t0/edit?usp=sharing), generated with kicad-footprint-generator")
    (tags "capacitor handsolder")
    (path /60130947)
    (attr smd)
    (fp_text reference C5 (at 0 -1.65 90) (layer F.SilkS)
      (effects (font (size 1 1) (thickness 0.15)))
    )
    (fp_text value 0.1uF (at 0 1.65 90) (layer F.Fab)
      (effects (font (size 1 1) (thickness 0.15)))
    )
    (fp_line (start -1 0.6) (end -1 -0.6) (layer F.Fab) (width 0.1))
    (fp_line (start -1 -0.6) (end 1 -0.6) (layer F.Fab) (width 0.1))
    (fp_line (start 1 -0.6) (end 1 0.6) (layer F.Fab) (width 0.1))
    (fp_line (start 1 0.6) (end -1 0.6) (layer F.Fab) (width 0.1))
    (fp_line (start -0.261252 -0.71) (end 0.261252 -0.71) (layer F.SilkS) (width 0.12))
    (fp_line (start -0.261252 0.71) (end 0.261252 0.71) (layer F.SilkS) (width 0.12))
    (fp_line (start -1.85 0.95) (end -1.85 -0.95) (layer F.CrtYd) (width 0.05))
    (fp_line (start -1.85 -0.95) (end 1.85 -0.95) (layer F.CrtYd) (width 0.05))
    (fp_line (start 1.85 -0.95) (end 1.85 0.95) (layer F.CrtYd) (width 0.05))
    (fp_line (start 1.85 0.95) (end -1.85 0.95) (layer F.CrtYd) (width 0.05))
    (fp_text user %R (at 0 0 90) (layer F.Fab)
      (effects (font (size 0.5 0.5) (thickness 0.08)))
    )
    (pad 1 smd roundrect (at -1.025 0 90) (size 1.15 1.4) (layers F.Cu F.Paste F.Mask) (roundrect_rratio 0.217391)
      (net 6 5v))
    (pad 2 smd roundrect (at 1.025 0 90) (size 1.15 1.4) (layers F.Cu F.Paste F.Mask) (roundrect_rratio 0.217391)
      (net 16 AGND))
    (model ${KISYS3DMOD}/Capacitor_SMD.3dshapes/C_0805_2012Metric.wrl
      (at (xyz 0 0 0))
      (scale (xyz 1 1 1))
      (rotate (xyz 0 0 0))
    )
  )

  (module Capacitor_SMD:C_0805_2012Metric_Pad1.15x1.40mm_HandSolder (layer F.Cu) (tedit 5B36C52B) (tstamp 5FA71EE9)
    (at 137.3632 49.013 270)
    (descr "Capacitor SMD 0805 (2012 Metric), square (rectangular) end terminal, IPC_7351 nominal with elongated pad for handsoldering. (Body size source: https://docs.google.com/spreadsheets/d/1BsfQQcO9C6DZCsRaXUlFlo91Tg2WpOkGARC1WS5S8t0/edit?usp=sharing), generated with kicad-footprint-generator")
    (tags "capacitor handsolder")
    (path /5FC3EF03)
    (attr smd)
    (fp_text reference C6 (at 0 1.6256 270) (layer F.SilkS)
      (effects (font (size 1 1) (thickness 0.15)))
    )
    (fp_text value 4.7uF (at 0 1.65 270) (layer F.Fab)
      (effects (font (size 1 1) (thickness 0.15)))
    )
    (fp_line (start -1 0.6) (end -1 -0.6) (layer F.Fab) (width 0.1))
    (fp_line (start -1 -0.6) (end 1 -0.6) (layer F.Fab) (width 0.1))
    (fp_line (start 1 -0.6) (end 1 0.6) (layer F.Fab) (width 0.1))
    (fp_line (start 1 0.6) (end -1 0.6) (layer F.Fab) (width 0.1))
    (fp_line (start -0.261252 -0.71) (end 0.261252 -0.71) (layer F.SilkS) (width 0.12))
    (fp_line (start -0.261252 0.71) (end 0.261252 0.71) (layer F.SilkS) (width 0.12))
    (fp_line (start -1.85 0.95) (end -1.85 -0.95) (layer F.CrtYd) (width 0.05))
    (fp_line (start -1.85 -0.95) (end 1.85 -0.95) (layer F.CrtYd) (width 0.05))
    (fp_line (start 1.85 -0.95) (end 1.85 0.95) (layer F.CrtYd) (width 0.05))
    (fp_line (start 1.85 0.95) (end -1.85 0.95) (layer F.CrtYd) (width 0.05))
    (fp_text user %R (at 0 0 270) (layer F.Fab)
      (effects (font (size 0.5 0.5) (thickness 0.08)))
    )
    (pad 1 smd roundrect (at -1.025 0 270) (size 1.15 1.4) (layers F.Cu F.Paste F.Mask) (roundrect_rratio 0.217391)
      (net 6 5v))
    (pad 2 smd roundrect (at 1.025 0 270) (size 1.15 1.4) (layers F.Cu F.Paste F.Mask) (roundrect_rratio 0.217391)
      (net 16 AGND))
    (model ${KISYS3DMOD}/Capacitor_SMD.3dshapes/C_0805_2012Metric.wrl
      (at (xyz 0 0 0))
      (scale (xyz 1 1 1))
      (rotate (xyz 0 0 0))
    )
  )

  (module Capacitor_SMD:C_0805_2012Metric_Pad1.15x1.40mm_HandSolder (layer F.Cu) (tedit 5B36C52B) (tstamp 5FA71EFA)
    (at 216.7726 13.5128 180)
    (descr "Capacitor SMD 0805 (2012 Metric), square (rectangular) end terminal, IPC_7351 nominal with elongated pad for handsoldering. (Body size source: https://docs.google.com/spreadsheets/d/1BsfQQcO9C6DZCsRaXUlFlo91Tg2WpOkGARC1WS5S8t0/edit?usp=sharing), generated with kicad-footprint-generator")
    (tags "capacitor handsolder")
    (path /60161D68)
    (attr smd)
    (fp_text reference C7 (at -3.1274 0.0128 180) (layer F.SilkS)
      (effects (font (size 1 1) (thickness 0.15)))
    )
    (fp_text value 0.1uF (at 0 1.65 180) (layer F.Fab)
      (effects (font (size 1 1) (thickness 0.15)))
    )
    (fp_line (start -1 0.6) (end -1 -0.6) (layer F.Fab) (width 0.1))
    (fp_line (start -1 -0.6) (end 1 -0.6) (layer F.Fab) (width 0.1))
    (fp_line (start 1 -0.6) (end 1 0.6) (layer F.Fab) (width 0.1))
    (fp_line (start 1 0.6) (end -1 0.6) (layer F.Fab) (width 0.1))
    (fp_line (start -0.261252 -0.71) (end 0.261252 -0.71) (layer F.SilkS) (width 0.12))
    (fp_line (start -0.261252 0.71) (end 0.261252 0.71) (layer F.SilkS) (width 0.12))
    (fp_line (start -1.85 0.95) (end -1.85 -0.95) (layer F.CrtYd) (width 0.05))
    (fp_line (start -1.85 -0.95) (end 1.85 -0.95) (layer F.CrtYd) (width 0.05))
    (fp_line (start 1.85 -0.95) (end 1.85 0.95) (layer F.CrtYd) (width 0.05))
    (fp_line (start 1.85 0.95) (end -1.85 0.95) (layer F.CrtYd) (width 0.05))
    (fp_text user %R (at 0 0 180) (layer F.Fab)
      (effects (font (size 0.5 0.5) (thickness 0.08)))
    )
    (pad 1 smd roundrect (at -1.025 0 180) (size 1.15 1.4) (layers F.Cu F.Paste F.Mask) (roundrect_rratio 0.217391)
      (net 13 3v3))
    (pad 2 smd roundrect (at 1.025 0 180) (size 1.15 1.4) (layers F.Cu F.Paste F.Mask) (roundrect_rratio 0.217391)
      (net 16 AGND))
    (model ${KISYS3DMOD}/Capacitor_SMD.3dshapes/C_0805_2012Metric.wrl
      (at (xyz 0 0 0))
      (scale (xyz 1 1 1))
      (rotate (xyz 0 0 0))
    )
  )

  (module Capacitor_SMD:C_0805_2012Metric_Pad1.15x1.40mm_HandSolder (layer F.Cu) (tedit 5B36C52B) (tstamp 5FA8B31C)
    (at 152.7556 49.6099 270)
    (descr "Capacitor SMD 0805 (2012 Metric), square (rectangular) end terminal, IPC_7351 nominal with elongated pad for handsoldering. (Body size source: https://docs.google.com/spreadsheets/d/1BsfQQcO9C6DZCsRaXUlFlo91Tg2WpOkGARC1WS5S8t0/edit?usp=sharing), generated with kicad-footprint-generator")
    (tags "capacitor handsolder")
    (path /5FC19337)
    (attr smd)
    (fp_text reference C8 (at 2.8411 -0.0889 270) (layer F.SilkS)
      (effects (font (size 1 1) (thickness 0.15)))
    )
    (fp_text value 4.7uF (at 0 1.65 270) (layer F.Fab)
      (effects (font (size 1 1) (thickness 0.15)))
    )
    (fp_text user %R (at 0 0 270) (layer F.Fab)
      (effects (font (size 0.5 0.5) (thickness 0.08)))
    )
    (fp_line (start 1.85 0.95) (end -1.85 0.95) (layer F.CrtYd) (width 0.05))
    (fp_line (start 1.85 -0.95) (end 1.85 0.95) (layer F.CrtYd) (width 0.05))
    (fp_line (start -1.85 -0.95) (end 1.85 -0.95) (layer F.CrtYd) (width 0.05))
    (fp_line (start -1.85 0.95) (end -1.85 -0.95) (layer F.CrtYd) (width 0.05))
    (fp_line (start -0.261252 0.71) (end 0.261252 0.71) (layer F.SilkS) (width 0.12))
    (fp_line (start -0.261252 -0.71) (end 0.261252 -0.71) (layer F.SilkS) (width 0.12))
    (fp_line (start 1 0.6) (end -1 0.6) (layer F.Fab) (width 0.1))
    (fp_line (start 1 -0.6) (end 1 0.6) (layer F.Fab) (width 0.1))
    (fp_line (start -1 -0.6) (end 1 -0.6) (layer F.Fab) (width 0.1))
    (fp_line (start -1 0.6) (end -1 -0.6) (layer F.Fab) (width 0.1))
    (pad 2 smd roundrect (at 1.025 0 270) (size 1.15 1.4) (layers F.Cu F.Paste F.Mask) (roundrect_rratio 0.217391)
      (net 16 AGND))
    (pad 1 smd roundrect (at -1.025 0 270) (size 1.15 1.4) (layers F.Cu F.Paste F.Mask) (roundrect_rratio 0.217391)
      (net 14 "Net-(C8-Pad1)"))
    (model ${KISYS3DMOD}/Capacitor_SMD.3dshapes/C_0805_2012Metric.wrl
      (at (xyz 0 0 0))
      (scale (xyz 1 1 1))
      (rotate (xyz 0 0 0))
    )
  )

  (module Capacitor_SMD:C_0805_2012Metric_Pad1.15x1.40mm_HandSolder (layer F.Cu) (tedit 5B36C52B) (tstamp 5FA71F1C)
    (at 167.4966 30.3276)
    (descr "Capacitor SMD 0805 (2012 Metric), square (rectangular) end terminal, IPC_7351 nominal with elongated pad for handsoldering. (Body size source: https://docs.google.com/spreadsheets/d/1BsfQQcO9C6DZCsRaXUlFlo91Tg2WpOkGARC1WS5S8t0/edit?usp=sharing), generated with kicad-footprint-generator")
    (tags "capacitor handsolder")
    (path /5FF2E291)
    (attr smd)
    (fp_text reference C9 (at 0 -1.65) (layer F.SilkS)
      (effects (font (size 1 1) (thickness 0.15)))
    )
    (fp_text value 10uF (at 0 1.65) (layer F.Fab)
      (effects (font (size 1 1) (thickness 0.15)))
    )
    (fp_line (start -1 0.6) (end -1 -0.6) (layer F.Fab) (width 0.1))
    (fp_line (start -1 -0.6) (end 1 -0.6) (layer F.Fab) (width 0.1))
    (fp_line (start 1 -0.6) (end 1 0.6) (layer F.Fab) (width 0.1))
    (fp_line (start 1 0.6) (end -1 0.6) (layer F.Fab) (width 0.1))
    (fp_line (start -0.261252 -0.71) (end 0.261252 -0.71) (layer F.SilkS) (width 0.12))
    (fp_line (start -0.261252 0.71) (end 0.261252 0.71) (layer F.SilkS) (width 0.12))
    (fp_line (start -1.85 0.95) (end -1.85 -0.95) (layer F.CrtYd) (width 0.05))
    (fp_line (start -1.85 -0.95) (end 1.85 -0.95) (layer F.CrtYd) (width 0.05))
    (fp_line (start 1.85 -0.95) (end 1.85 0.95) (layer F.CrtYd) (width 0.05))
    (fp_line (start 1.85 0.95) (end -1.85 0.95) (layer F.CrtYd) (width 0.05))
    (fp_text user %R (at 0 0) (layer F.Fab)
      (effects (font (size 0.5 0.5) (thickness 0.08)))
    )
    (pad 1 smd roundrect (at -1.025 0) (size 1.15 1.4) (layers F.Cu F.Paste F.Mask) (roundrect_rratio 0.217391)
      (net 15 AVDD))
    (pad 2 smd roundrect (at 1.025 0) (size 1.15 1.4) (layers F.Cu F.Paste F.Mask) (roundrect_rratio 0.217391)
      (net 16 AGND))
    (model ${KISYS3DMOD}/Capacitor_SMD.3dshapes/C_0805_2012Metric.wrl
      (at (xyz 0 0 0))
      (scale (xyz 1 1 1))
      (rotate (xyz 0 0 0))
    )
  )

  (module Capacitor_SMD:C_0805_2012Metric_Pad1.15x1.40mm_HandSolder (layer F.Cu) (tedit 5B36C52B) (tstamp 5FA71F2D)
    (at 163.567 30.3784)
    (descr "Capacitor SMD 0805 (2012 Metric), square (rectangular) end terminal, IPC_7351 nominal with elongated pad for handsoldering. (Body size source: https://docs.google.com/spreadsheets/d/1BsfQQcO9C6DZCsRaXUlFlo91Tg2WpOkGARC1WS5S8t0/edit?usp=sharing), generated with kicad-footprint-generator")
    (tags "capacitor handsolder")
    (path /5FF2E27F)
    (attr smd)
    (fp_text reference C10 (at 0 -1.65) (layer F.SilkS)
      (effects (font (size 1 1) (thickness 0.15)))
    )
    (fp_text value 0.1uF (at 0 1.65) (layer F.Fab)
      (effects (font (size 1 1) (thickness 0.15)))
    )
    (fp_text user %R (at 0 0) (layer F.Fab)
      (effects (font (size 0.5 0.5) (thickness 0.08)))
    )
    (fp_line (start 1.85 0.95) (end -1.85 0.95) (layer F.CrtYd) (width 0.05))
    (fp_line (start 1.85 -0.95) (end 1.85 0.95) (layer F.CrtYd) (width 0.05))
    (fp_line (start -1.85 -0.95) (end 1.85 -0.95) (layer F.CrtYd) (width 0.05))
    (fp_line (start -1.85 0.95) (end -1.85 -0.95) (layer F.CrtYd) (width 0.05))
    (fp_line (start -0.261252 0.71) (end 0.261252 0.71) (layer F.SilkS) (width 0.12))
    (fp_line (start -0.261252 -0.71) (end 0.261252 -0.71) (layer F.SilkS) (width 0.12))
    (fp_line (start 1 0.6) (end -1 0.6) (layer F.Fab) (width 0.1))
    (fp_line (start 1 -0.6) (end 1 0.6) (layer F.Fab) (width 0.1))
    (fp_line (start -1 -0.6) (end 1 -0.6) (layer F.Fab) (width 0.1))
    (fp_line (start -1 0.6) (end -1 -0.6) (layer F.Fab) (width 0.1))
    (pad 2 smd roundrect (at 1.025 0) (size 1.15 1.4) (layers F.Cu F.Paste F.Mask) (roundrect_rratio 0.217391)
      (net 15 AVDD))
    (pad 1 smd roundrect (at -1.025 0) (size 1.15 1.4) (layers F.Cu F.Paste F.Mask) (roundrect_rratio 0.217391)
      (net 16 AGND))
    (model ${KISYS3DMOD}/Capacitor_SMD.3dshapes/C_0805_2012Metric.wrl
      (at (xyz 0 0 0))
      (scale (xyz 1 1 1))
      (rotate (xyz 0 0 0))
    )
  )

  (module Capacitor_SMD:C_0805_2012Metric_Pad1.15x1.40mm_HandSolder (layer F.Cu) (tedit 5B36C52B) (tstamp 5FA71F3E)
    (at 189.3316 29.7688 90)
    (descr "Capacitor SMD 0805 (2012 Metric), square (rectangular) end terminal, IPC_7351 nominal with elongated pad for handsoldering. (Body size source: https://docs.google.com/spreadsheets/d/1BsfQQcO9C6DZCsRaXUlFlo91Tg2WpOkGARC1WS5S8t0/edit?usp=sharing), generated with kicad-footprint-generator")
    (tags "capacitor handsolder")
    (path /6019F4CE)
    (attr smd)
    (fp_text reference C11 (at 0 -1.65 90) (layer F.SilkS)
      (effects (font (size 1 1) (thickness 0.15)))
    )
    (fp_text value 10uF (at 0 1.65 90) (layer F.Fab)
      (effects (font (size 1 1) (thickness 0.15)))
    )
    (fp_text user %R (at 0 0 90) (layer F.Fab)
      (effects (font (size 0.5 0.5) (thickness 0.08)))
    )
    (fp_line (start 1.85 0.95) (end -1.85 0.95) (layer F.CrtYd) (width 0.05))
    (fp_line (start 1.85 -0.95) (end 1.85 0.95) (layer F.CrtYd) (width 0.05))
    (fp_line (start -1.85 -0.95) (end 1.85 -0.95) (layer F.CrtYd) (width 0.05))
    (fp_line (start -1.85 0.95) (end -1.85 -0.95) (layer F.CrtYd) (width 0.05))
    (fp_line (start -0.261252 0.71) (end 0.261252 0.71) (layer F.SilkS) (width 0.12))
    (fp_line (start -0.261252 -0.71) (end 0.261252 -0.71) (layer F.SilkS) (width 0.12))
    (fp_line (start 1 0.6) (end -1 0.6) (layer F.Fab) (width 0.1))
    (fp_line (start 1 -0.6) (end 1 0.6) (layer F.Fab) (width 0.1))
    (fp_line (start -1 -0.6) (end 1 -0.6) (layer F.Fab) (width 0.1))
    (fp_line (start -1 0.6) (end -1 -0.6) (layer F.Fab) (width 0.1))
    (pad 2 smd roundrect (at 1.025 0 90) (size 1.15 1.4) (layers F.Cu F.Paste F.Mask) (roundrect_rratio 0.217391)
      (net 16 AGND))
    (pad 1 smd roundrect (at -1.025 0 90) (size 1.15 1.4) (layers F.Cu F.Paste F.Mask) (roundrect_rratio 0.217391)
      (net 17 "Net-(C11-Pad1)"))
    (model ${KISYS3DMOD}/Capacitor_SMD.3dshapes/C_0805_2012Metric.wrl
      (at (xyz 0 0 0))
      (scale (xyz 1 1 1))
      (rotate (xyz 0 0 0))
    )
  )

  (module Capacitor_SMD:C_0805_2012Metric_Pad1.15x1.40mm_HandSolder (layer F.Cu) (tedit 5F773717) (tstamp 5FA71F4F)
    (at 182.4355 31.9532 90)
